year,artist_id,love,heart,kiss,touch,feel,like,baby,night,chest,so-nyo,woman,girl,girls,noona,her,lady,he/him/his,guy,boy,man,prince,oppa,mr,want,male-related,female-related
2007,Girl's Generation,1.299,0.054,0.487,0.0,0.0,0.054,0.216,0.054,0.054,0.0,0.054,0.0,0.0,0.0,0.0,0.0,0.0,0.0,0.0,0.054,0.0,0.0,0.0,0.0,0.108,0.054
2008,Girl's Generation,0.451,0.0,0.0,0.0,0.0,0.0,2.479,0.075,0.0,0.0,0.075,0.0,0.0,0.0,0.0,0.0,0.0,0.0,0.0,0.075,0.0,0.0,0.0,0.0,0.15,0.075
2009,Girl's Generation,0.793,0.025,0.0,0.0,0.0,0.074,0.446,0.025,0.099,0.025,0.0,0.198,0.025,0.0,0.0,0.0,0.074,0.0,0.198,0.0,0.0,0.0,0.0,0.198,0.272,0.223
2010,Girl's Generation,0.457,0.0,0.0,0.0,0.0,0.048,0.0,0.0,0.072,0.0,0.096,0.0,0.0,0.0,0.0,0.0,0.0,0.0,0.096,0.144,0.0,0.336,0.0,0.024,0.72,0.096
2011,Girl's Generation,0.116,0.039,0.0,0.0,0.116,0.0,0.039,0.116,0.077,0.0,0.039,0.462,0.462,0.0,0.039,0.0,0.0,0.0,0.694,0.154,0.0,0.0,0.347,0.154,1.349,0.54
2013,Girl's Generation,0.112,0.0,0.0,0.0,0.0,0.037,0.0,0.187,0.037,0.0,0.037,0.037,0.037,0.0,0.187,0.0,0.037,0.075,1.232,0.112,0.037,0.037,0.0,0.037,1.642,0.261
2014,Girl's Generation,0.137,0.171,0.0,0.0,0.0,0.069,0.0,0.137,0.137,0.0,0.0,0.0,0.0,0.0,0.0,0.0,0.0,0.0,0.069,0.171,0.0,0.0,1.68,0.0,2.091,0.0
2015,Girl's Generation,0.042,0.673,0.0,0.0,0.063,0.0,0.126,0.105,0.0,0.0,0.042,0.063,0.021,0.0,0.189,0.0,0.0,0.0,0.315,0.042,0.0,0.0,0.0,0.063,0.39899999999999997,0.29400000000000004
2016,Girl's Generation,0.153,0.0,0.0,0.0,0.0,0.0,0.0,0.613,0.0,0.153,0.0,0.0,0.0,0.0,0.153,0.0,0.0,0.0,0.0,0.0,0.0,0.0,0.0,0.0,0.0,0.306
2017,Girl's Generation,0.599,0.0,0.09,0.0,0.12,0.12,0.21,1.228,0.0,0.0,0.0,0.0,0.0,0.0,0.18,0.0,0.0,0.0,0.0,0.0,0.0,0.0,0.0,0.06,0.0,0.18
2022,Girl's Generation,0.259,0.014,0.0,0.0,0.055,0.477,0.082,0.355,0.014,0.0,0.0,0.041,0.041,0.0,0.055,0.0,0.0,0.0,0.027,0.0,0.0,0.0,0.0,0.15,0.027,0.096
2009,2NE1,0.176,0.044,0.0,0.0,0.0,0.154,0.022,0.309,0.132,0.0,0.132,0.066,0.011,0.0,0.11,0.0,0.066,0.0,0.32,0.265,0.0,0.0,0.0,0.198,0.916,0.308
2010,2NE1,0.197,0.024,0.055,0.055,0.087,0.055,0.118,0.228,0.008,0.0,0.047,0.024,0.0,0.0,0.094,0.0,0.0,0.0,0.11,0.118,0.0,0.0,0.0,0.181,0.346,0.165
2011,2NE1,0.432,0.0,0.0,0.0,0.0,0.093,0.432,0.123,0.0,0.0,0.031,0.062,0.0,0.0,0.154,0.0,0.0,0.0,0.0,0.062,0.0,0.0,0.0,0.309,0.124,0.247
2012,2NE1,1.629,0.0,0.0,0.0,0.0,0.0,0.0,0.251,0.0,0.0,0.0,0.0,0.0,0.0,0.0,0.0,0.0,0.0,0.0,0.0,0.0,0.0,0.0,0.0,0.0,0.0
2013,2NE1,2.464,0.116,0.0,1.271,0.0,0.231,0.0,0.039,0.077,0.0,0.0,0.0,0.0,0.0,0.732,0.0,0.154,0.0,0.347,0.0,0.0,0.0,0.0,0.0,0.501,0.732
2014,2NE1,0.72,0.025,0.074,0.0,0.0,0.124,0.298,0.062,0.0,0.0,0.025,0.012,0.012,0.0,0.211,0.0,0.0,0.0,0.099,0.062,0.0,0.0,0.0,0.037,0.223,0.248
2017,2NE1,0.0,0.0,0.0,0.0,0.354,0.0,0.0,0.0,0.0,0.0,0.0,0.0,0.0,0.0,0.0,0.0,0.0,0.0,0.0,0.0,0.0,0.0,0.0,0.177,0.0,0.0
2014,Red Velvet,0.107,0.0,0.0,0.0,0.0,0.0,0.0,0.0,0.0,0.0,0.0,0.0,0.0,0.0,0.0,0.0,0.0,0.0,0.0,0.107,0.0,0.0,0.0,0.427,0.214,0.0
2015,Red Velvet,0.351,0.07,0.187,0.0,0.0,0.047,0.375,0.047,0.07,0.0,0.0,0.0,0.0,0.0,0.023,0.0,0.047,0.0,0.773,0.07,0.0,0.0,0.0,0.07,0.96,0.023
2016,Red Velvet,0.549,0.446,0.0,0.0,0.0,0.0,0.034,0.274,0.0,0.0,0.0,0.617,0.0,0.0,0.0,0.0,0.0,0.0,0.103,0.0,0.0,0.0,0.0,0.103,0.103,0.617
2017,Red Velvet,0.496,0.062,0.0,0.0,0.012,0.285,0.273,0.05,0.012,0.0,0.0,0.0,0.0,0.0,0.0,0.0,0.0,0.0,0.124,0.025,0.0,0.012,0.0,0.062,0.186,0.0
2018,Red Velvet,0.079,0.0,0.026,0.0,0.0,0.106,0.0,0.053,0.0,0.0,0.0,0.0,0.0,0.0,0.0,0.0,0.0,0.0,1.06,0.0,0.0,0.0,0.0,0.159,1.06,0.0
2019,Red Velvet,0.04,0.02,0.0,0.0,0.14,0.439,0.14,0.06,0.0,0.0,0.0,0.02,0.02,0.0,0.199,0.0,0.0,0.0,0.02,0.0,0.0,0.0,0.0,0.12,0.02,0.219
2020,Red Velvet,0.69,0.0,0.0,0.0,0.0,0.0,0.0,0.431,0.0,0.0,0.0,0.0,0.0,0.0,0.0,0.0,0.0,0.0,0.0,0.0,0.0,0.0,0.0,0.0,0.0,0.0
2021,Red Velvet,0.0,0.0,0.0,0.0,0.507,0.051,0.0,0.0,0.0,0.0,0.0,0.0,0.0,0.0,0.101,0.0,0.0,0.0,0.0,0.0,0.0,0.0,0.0,0.101,0.0,0.101
2022,Red Velvet,0.352,0.068,0.01,0.0,0.176,0.068,0.059,0.225,0.01,0.0,0.0,0.176,0.0,0.0,0.02,0.0,0.0,0.0,0.029,0.01,0.0,0.0,0.0,0.078,0.049,0.19599999999999998
2014,Mamamoo,0.521,0.0,0.0,0.018,0.018,0.144,0.018,0.018,0.108,0.0,0.216,0.018,0.0,0.0,0.072,0.0,0.0,0.018,0.108,0.539,0.0,0.0,0.288,0.09,1.4920000000000002,0.306
2015,Mamamoo,0.0,0.053,0.0,0.158,0.053,0.158,0.316,0.0,0.0,0.0,0.264,0.053,0.0,0.0,0.053,0.0,0.053,0.0,0.053,0.527,0.0,0.053,0.0,0.0,1.213,0.37
2016,Mamamoo,0.298,0.022,0.0,0.033,0.21,0.099,0.155,0.243,0.0,0.022,0.022,0.077,0.0,0.0,0.044,0.011,0.0,0.0,0.022,0.144,0.0,0.0,0.033,0.099,0.34299999999999997,0.176
2017,Mamamoo,0.268,0.0,0.0,0.0,0.144,0.268,0.103,0.247,0.0,0.0,0.165,0.0,0.0,0.0,0.062,0.0,0.0,0.0,0.0,0.165,0.0,0.0,0.0,0.021,0.33,0.227
2018,Mamamoo,0.065,0.016,0.0,0.0,0.065,0.033,0.016,0.505,0.016,0.0,0.0,0.0,0.0,0.0,0.0,0.0,0.0,0.0,0.0,0.016,0.0,0.0,0.0,0.195,0.032,0.0
2019,Mamamoo,0.119,0.059,0.0,0.0,0.0,0.139,0.04,0.099,0.079,0.0,0.0,0.0,0.0,0.0,0.099,0.0,0.0,0.0,0.0,0.0,0.0,0.0,0.0,0.079,0.0,0.099
2020,Mamamoo,0.21,0.042,0.0,0.0,0.0,0.798,0.084,0.084,0.0,0.0,0.0,0.0,0.0,0.0,0.084,0.0,0.0,0.0,0.0,0.0,0.0,0.0,0.0,0.378,0.0,0.084
2021,Mamamoo,1.453,0.0,0.076,0.0,0.0,0.459,0.076,0.153,0.0,0.076,0.0,0.0,0.0,0.0,0.994,0.0,0.0,0.0,0.0,0.0,0.0,0.0,0.0,0.0,0.0,1.07
2022,Mamamoo,0.0,0.0,0.0,0.0,0.188,0.0,0.0,0.846,0.0,0.0,0.0,0.0,0.0,0.0,0.0,0.0,0.0,0.0,0.0,0.0,0.0,0.0,0.0,0.188,0.0,0.0
2015,TWICE,0.241,0.144,0.0,0.0,0.048,0.241,0.289,0.0,0.048,0.0,0.096,0.096,0.048,0.0,0.0,0.048,0.0,0.0,0.289,0.096,0.0,0.048,0.0,0.337,0.529,0.24
2016,TWICE,0.254,0.159,0.0,0.174,0.0,0.523,0.444,0.0,0.032,0.0,0.079,0.0,0.0,0.0,0.063,0.0,0.0,0.0,0.19,0.174,0.0,0.0,0.0,0.048,0.538,0.14200000000000002
2017,TWICE,0.225,0.267,0.011,0.021,0.0,0.663,0.577,0.107,0.021,0.0,0.0,0.021,0.0,0.0,0.011,0.0,0.0,0.0,0.118,0.0,0.0,0.0,0.0,0.171,0.118,0.032
2018,TWICE,0.38,0.054,0.0,0.0,0.014,0.204,0.081,0.244,0.081,0.0,0.0,0.0,0.0,0.0,0.014,0.0,0.0,0.0,0.027,0.0,0.0,0.0,0.0,0.57,0.027,0.014
2019,TWICE,0.669,0.0,0.0,0.0,0.79,0.243,0.182,0.061,0.0,0.0,0.0,0.0,0.0,0.0,0.0,0.0,0.0,0.0,0.0,0.0,0.0,0.0,0.0,0.182,0.0,0.0
2020,TWICE,0.144,0.082,0.062,0.0,0.041,0.021,0.041,0.371,0.0,0.0,0.0,0.082,0.0,0.0,0.041,0.0,0.0,0.021,0.082,0.0,0.0,0.0,0.0,0.866,0.10300000000000001,0.123
2021,TWICE,0.745,0.24,0.0,0.0,0.639,0.08,0.08,0.133,0.0,0.0,0.0,0.0,0.0,0.0,0.0,0.0,0.0,0.0,0.985,0.0,0.0,0.0,0.0,0.399,0.985,0.0
2022,TWICE,0.146,0.134,0.024,0.0,0.34,0.328,0.376,0.097,0.0,0.0,0.0,0.012,0.012,0.0,0.121,0.0,0.0,0.0,0.449,0.0,0.0,0.0,0.0,0.486,0.449,0.133
2016,BLACKPINK,0.319,0.251,0.023,0.114,0.046,0.592,0.068,0.342,0.0,0.0,0.0,0.023,0.0,0.0,0.0,0.0,0.068,0.0,0.159,0.137,0.0,0.114,0.0,0.182,0.615,0.023
2017,BLACKPINK,1.084,0.0,0.361,0.0,0.0,0.0,0.602,0.361,0.12,0.0,0.0,0.0,0.0,0.0,0.0,0.0,0.0,0.0,0.0,0.0,0.0,0.0,0.0,0.12,0.0,0.0
2018,BLACKPINK,0.088,0.022,0.022,0.0,0.044,0.286,0.066,0.088,0.0,0.0,0.044,0.11,0.088,0.0,0.11,0.0,0.0,0.0,0.44,0.154,0.0,0.0,0.0,0.396,0.748,0.264
2019,BLACKPINK,0.583,0.029,0.029,0.0,0.029,0.175,0.029,0.087,0.0,0.0,0.0,0.087,0.029,0.0,0.058,0.0,0.029,0.0,0.0,0.0,0.0,0.0,0.0,0.204,0.029,0.145
2020,BLACKPINK,0.794,0.01,0.049,0.049,0.01,0.49,0.088,0.088,0.0,0.0,0.0,0.127,0.108,0.0,0.255,0.0,0.039,0.0,0.069,0.059,0.02,0.0,0.0,0.392,0.246,0.382
2021,BLACKPINK,0.829,0.039,0.053,0.0,0.02,0.46,0.099,0.105,0.007,0.0,0.0,0.23,0.191,0.0,0.026,0.0,0.046,0.0,0.072,0.072,0.026,0.02,0.0,0.118,0.30800000000000005,0.256
2022,BLACKPINK,0.299,0.092,0.012,0.0,0.104,0.552,0.092,0.15,0.0,0.0,0.0,0.403,0.035,0.0,0.127,0.0,0.0,0.0,0.035,0.012,0.0,0.0,0.0,0.322,0.059,0.53
2018,(G)I-DLE,0.308,0.036,0.0,0.0,0.024,0.13,0.083,0.154,0.0,0.0,0.012,0.095,0.0,0.0,0.036,0.0,0.0,0.0,0.012,0.059,0.0,0.0,0.0,0.249,0.13,0.143
2019,(G)I-DLE,0.795,0.095,0.0,0.0,0.095,0.227,0.17,0.038,0.0,0.0,0.0,0.0,0.0,0.0,0.0,0.0,0.0,0.0,0.0,0.019,0.0,0.0,0.0,0.095,0.038,0.0
2020,(G)I-DLE,0.161,0.057,0.0,0.011,0.046,0.447,0.011,0.115,0.011,0.0,0.0,0.023,0.0,0.0,0.195,0.0,0.0,0.0,0.011,0.0,0.0,0.0,0.011,0.172,0.022,0.218
2021,(G)I-DLE,0.667,0.098,0.02,0.0,0.0,0.059,0.0,0.176,0.0,0.0,0.0,0.0,0.0,0.0,0.451,0.0,0.02,0.0,0.0,0.0,0.0,0.0,0.0,0.118,0.02,0.451
2022,(G)I-DLE,1.25,0.033,0.008,0.0,0.123,0.221,0.09,0.082,0.0,0.0,0.057,0.0,0.0,0.0,0.221,0.008,0.0,0.025,0.155,0.123,0.025,0.0,0.0,0.204,0.451,0.28600000000000003
2019,ITZY,0.244,0.0,0.0,0.0,0.0,0.448,0.0,0.081,0.0,0.0,0.0,0.02,0.02,0.0,0.367,0.0,0.0,0.0,0.0,0.0,0.0,0.0,0.0,0.754,0.0,0.387
2020,ITZY,0.252,0.131,0.0,0.009,0.131,0.533,0.056,0.037,0.0,0.0,0.0,0.047,0.028,0.0,0.112,0.0,0.0,0.0,0.028,0.0,0.0,0.0,0.0,0.523,0.028,0.159
2021,ITZY,0.292,0.049,0.0,0.0,0.067,0.274,0.091,0.061,0.0,0.0,0.0,0.0,0.0,0.0,0.122,0.0,0.0,0.0,0.006,0.0,0.0,0.0,0.0,0.146,0.006,0.122
2022,ITZY,0.047,0.068,0.0,0.016,0.099,0.251,0.031,0.026,0.0,0.0,0.0,0.01,0.0,0.0,0.047,0.0,0.0,0.0,0.204,0.0,0.0,0.0,0.0,0.408,0.204,0.057
2011,Apink,1.051,0.0,0.0,0.0,0.0,0.053,0.315,0.0,0.053,0.0,0.0,0.0,0.0,0.0,0.0,0.0,0.0,0.0,0.053,0.0,0.0,0.0,0.0,0.0,0.053,0.0
2012,Apink,0.0,0.0,0.0,0.0,0.0,4.291,0.0,0.0,0.0,0.0,0.096,0.0,0.0,0.0,0.0,0.0,0.0,0.0,0.048,0.289,0.0,0.0,0.0,0.0,0.6259999999999999,0.096
2013,Apink,1.246,0.0,0.08,0.0,0.0,0.053,0.186,0.159,0.027,0.0,0.027,0.0,0.0,0.0,0.0,0.0,0.0,0.0,0.053,0.053,0.0,0.053,0.0,0.133,0.212,0.027
2014,Apink,1.458,0.04,0.121,0.0,0.054,0.162,0.27,0.081,0.04,0.0,0.0,0.0,0.0,0.0,0.0,0.0,0.0,0.0,0.054,0.067,0.0,0.0,0.135,0.297,0.323,0.0
2015,Apink,0.125,0.0,0.0,0.0,0.0,0.188,0.0,0.125,0.0,0.0,0.0,0.0,0.0,0.0,0.0,0.0,0.0,0.0,0.0,0.0,0.0,0.0,0.0,0.0,0.0,0.0
2016,Apink,0.633,0.0,0.0,0.0,0.041,0.163,0.286,0.306,0.061,0.0,0.0,0.0,0.0,0.0,0.184,0.0,0.0,0.0,0.02,0.041,0.0,0.0,0.0,0.184,0.10200000000000001,0.184
2017,Apink,0.161,0.0,0.0,0.0,0.0,0.484,0.0,0.226,0.032,0.0,0.032,0.0,0.0,0.0,0.032,0.0,0.032,0.0,0.0,0.032,0.0,0.0,0.0,0.0,0.096,0.064
2018,Apink,1.23,0.0,0.065,0.0,0.518,0.129,1.165,0.194,0.0,0.0,0.0,0.065,0.0,0.0,0.0,0.194,0.0,0.0,0.129,0.0,0.0,0.0,0.0,0.0,0.129,0.259
2019,Apink,0.0,0.0,0.0,0.0,0.0,0.0,0.131,0.459,0.197,0.0,0.0,0.066,0.066,0.0,0.197,0.0,0.0,0.0,0.066,0.0,0.0,0.0,0.0,0.0,0.066,0.263
2020,Apink,0.278,0.0,0.0,0.0,0.093,0.093,0.371,0.0,0.0,0.0,0.0,0.0,0.0,0.0,0.0,0.0,0.0,0.0,0.0,0.0,0.0,0.0,0.0,0.0,0.0,0.0
2022,Apink,1.108,0.038,0.0,0.0,0.038,0.229,0.153,0.153,0.0,0.0,0.0,0.076,0.076,0.0,0.0,0.0,0.0,0.0,0.076,0.0,0.0,0.0,0.0,0.229,0.076,0.076
