year,love,heart,kiss,touch,feel,like,baby,night,chest,so-nyo,woman,girl,girls,noona,her,lady,he/him/his,guy,boy,man,prince,oppa,mr,want,male-related,female-related
2006,0.946,0.0,0.0,0.0,0.029,0.129,0.057,0.014,0.129,0.0,0.143,0.043,0.0,0.0,0.287,0.0,0.0,0.0,0.0,0.272,0.0,0.0,0.0,0.201,0.544,0.473
2007,0.639,0.034,0.062,0.0,0.027,0.172,0.117,0.048,0.096,0.0,0.021,0.0,0.0,0.0,0.076,0.0,0.0,0.007,0.055,0.096,0.007,0.0,0.0,0.24,0.261,0.097
2008,0.661,0.02,0.059,0.0,0.092,0.17,0.38,0.039,0.02,0.0,0.026,0.21,0.013,0.0,0.0,0.0,0.046,0.013,0.039,0.065,0.02,0.0,0.0,0.426,0.248,0.236
2009,0.675,0.04,0.017,0.004,0.011,0.128,0.104,0.168,0.075,0.004,0.045,0.283,0.053,0.0,0.066,0.002,0.019,0.028,0.175,0.094,0.0,0.0,0.0,0.441,0.41000000000000003,0.39999999999999997
2010,0.441,0.033,0.027,0.016,0.031,0.171,0.103,0.094,0.078,0.0,0.039,0.048,0.034,0.0,0.036,0.027,0.004,0.0,0.131,0.088,0.003,0.021,0.019,0.194,0.35400000000000004,0.15
2011,0.555,0.088,0.021,0.005,0.05,0.149,0.267,0.147,0.074,0.0,0.042,0.128,0.062,0.0,0.074,0.013,0.001,0.001,0.168,0.109,0.002,0.004,0.01,0.229,0.404,0.257
2012,0.712,0.063,0.113,0.108,0.074,0.383,0.335,0.196,0.042,0.0,0.067,0.101,0.016,0.0,0.075,0.003,0.007,0.0,0.097,0.167,0.001,0.005,0.001,0.105,0.44500000000000006,0.246
2013,0.714,0.034,0.06,0.108,0.04,0.153,0.207,0.16,0.063,0.0,0.059,0.125,0.018,0.0,0.054,0.005,0.011,0.007,0.223,0.134,0.004,0.006,0.001,0.152,0.52,0.243
2014,0.634,0.059,0.105,0.022,0.039,0.159,0.179,0.204,0.064,0.001,0.052,0.033,0.005,0.0,0.058,0.005,0.004,0.004,0.052,0.142,0.001,0.009,0.093,0.096,0.44699999999999995,0.149
2015,0.394,0.089,0.031,0.014,0.06,0.154,0.288,0.181,0.042,0.003,0.034,0.044,0.007,0.0,0.059,0.001,0.01,0.018,0.135,0.087,0.001,0.011,0.008,0.127,0.357,0.14100000000000001
2016,0.485,0.074,0.01,0.021,0.045,0.176,0.178,0.14,0.045,0.012,0.031,0.083,0.031,0.0,0.091,0.002,0.01,0.005,0.111,0.131,0.003,0.005,0.004,0.108,0.4,0.219
2017,0.334,0.082,0.037,0.01,0.037,0.289,0.249,0.285,0.023,0.013,0.023,0.015,0.001,0.0,0.041,0.002,0.001,0.001,0.076,0.053,0.0,0.01,0.0,0.079,0.194,0.094
2018,0.455,0.049,0.016,0.005,0.047,0.355,0.126,0.217,0.046,0.0,0.007,0.03,0.004,0.0,0.017,0.003,0.0,0.0,0.098,0.02,0.0,0.0,0.0,0.156,0.138,0.057
2019,0.405,0.046,0.004,0.0,0.046,0.254,0.124,0.17,0.021,0.002,0.001,0.022,0.008,0.0,0.102,0.0,0.002,0.0,0.034,0.005,0.0,0.002,0.0,0.176,0.048,0.127
2020,0.252,0.05,0.019,0.005,0.074,0.26,0.067,0.177,0.012,0.001,0.0,0.025,0.013,0.0,0.109,0.002,0.004,0.001,0.019,0.009,0.002,0.0,0.001,0.184,0.045000000000000005,0.137
2021,0.354,0.046,0.018,0.003,0.113,0.24,0.118,0.135,0.008,0.003,0.004,0.062,0.048,0.0,0.107,0.0,0.007,0.001,0.056,0.016,0.004,0.003,0.0,0.197,0.10300000000000001,0.176
2022,0.382,0.059,0.012,0.004,0.105,0.26,0.098,0.152,0.008,0.001,0.005,0.057,0.026,0.0,0.098,0.001,0.002,0.002,0.07,0.012,0.003,0.0,0.0,0.245,0.101,0.162
2023,0.048,0.338,0.0,0.0,0.0,0.29,0.145,0.048,0.0,0.0,0.0,0.0,0.0,0.0,0.097,0.0,0.145,0.0,0.048,0.0,0.0,0.0,0.0,0.629,0.193,0.097
