year,love,heart,kiss,touch,feel,like,baby,night,chest,so-nyo,woman,girl,girls,noona,her,lady,he/him/his,guy,boy,man,prince,oppa,mr,want,male-related,female-related
2006,0.952,0.0,0.0,0.0,0.032,0.206,0.397,0.095,0.032,0.0,0.0,0.079,0.0,0.0,0.095,0.016,0.0,0.0,0.0,0.032,0.0,0.0,0.0,0.063,0.064,0.19
2007,0.861,0.015,0.0,0.0,0.0,0.015,0.549,0.163,0.074,0.0,0.015,0.579,0.0,0.0,0.03,0.0,0.0,0.0,0.0,0.03,0.0,0.0,0.0,0.134,0.06,0.624
2008,0.598,0.064,0.016,0.005,0.053,0.064,0.219,0.069,0.091,0.0,0.0,0.053,0.0,0.0,0.149,0.005,0.005,0.005,0.011,0.027,0.0,0.0,0.0,0.117,0.075,0.207
2009,0.215,0.092,0.009,0.004,0.044,0.057,0.079,0.026,0.07,0.0,0.022,0.184,0.0,0.0,0.145,0.031,0.035,0.013,0.004,0.031,0.0,0.0,0.0,0.039,0.114,0.382
2010,0.445,0.028,0.009,0.0,0.009,0.047,0.057,0.171,0.057,0.0,0.028,0.284,0.0,0.0,0.18,0.0,0.0,0.0,0.009,0.038,0.0,0.0,0.0,0.085,0.08499999999999999,0.492
2011,0.563,0.095,0.029,0.004,0.026,0.099,0.154,0.303,0.062,0.0,0.037,0.113,0.004,0.0,0.062,0.007,0.0,0.026,0.007,0.08,0.0,0.004,0.0,0.238,0.197,0.219
2012,0.257,0.064,0.003,0.0,0.031,0.073,0.198,0.268,0.034,0.006,0.022,0.151,0.0,0.0,0.056,0.034,0.0,0.05,0.034,0.05,0.0,0.003,0.0,0.123,0.187,0.269
2013,0.555,0.036,0.023,0.0,0.015,0.075,0.152,0.226,0.067,0.003,0.01,0.1,0.0,0.0,0.108,0.0,0.013,0.026,0.003,0.067,0.0,0.0,0.0,0.059,0.17600000000000002,0.221
2014,0.242,0.039,0.015,0.0,0.006,0.045,0.157,0.197,0.045,0.015,0.03,0.03,0.0,0.0,0.118,0.003,0.021,0.036,0.0,0.121,0.0,0.015,0.0,0.233,0.314,0.196
2015,0.308,0.029,0.003,0.0,0.018,0.077,0.234,0.138,0.041,0.012,0.046,0.182,0.0,0.0,0.056,0.011,0.005,0.014,0.02,0.08,0.0,0.006,0.024,0.082,0.229,0.307
2016,0.294,0.044,0.004,0.001,0.045,0.091,0.239,0.216,0.029,0.012,0.03,0.161,0.001,0.0,0.061,0.017,0.0,0.005,0.003,0.06,0.001,0.0,0.001,0.116,0.13,0.281
2017,0.28,0.028,0.011,0.009,0.115,0.119,0.261,0.136,0.019,0.0,0.008,0.046,0.003,0.0,0.102,0.013,0.013,0.036,0.039,0.036,0.001,0.0,0.001,0.362,0.162,0.169
2018,0.32,0.035,0.004,0.004,0.053,0.075,0.144,0.164,0.025,0.002,0.014,0.035,0.0,0.0,0.076,0.001,0.014,0.024,0.005,0.058,0.0,0.002,0.0,0.114,0.161,0.128
2019,0.226,0.035,0.004,0.006,0.047,0.146,0.065,0.151,0.033,0.0,0.0,0.055,0.0,0.0,0.122,0.0,0.002,0.014,0.006,0.031,0.002,0.0,0.0,0.102,0.086,0.177
2020,0.363,0.042,0.01,0.007,0.094,0.151,0.068,0.243,0.005,0.0,0.0,0.006,0.0,0.0,0.08,0.001,0.014,0.012,0.033,0.009,0.0,0.001,0.0,0.115,0.078,0.08700000000000001
2021,0.273,0.067,0.047,0.006,0.098,0.202,0.098,0.217,0.013,0.0,0.0,0.023,0.001,0.0,0.123,0.0,0.002,0.012,0.011,0.031,0.0,0.001,0.001,0.183,0.089,0.146
2022,0.184,0.043,0.032,0.013,0.116,0.148,0.107,0.183,0.017,0.001,0.002,0.019,0.0,0.0,0.138,0.0,0.001,0.005,0.038,0.034,0.001,0.0,0.001,0.146,0.114,0.16
2023,0.194,0.028,0.028,0.014,0.175,0.18,0.118,0.227,0.0,0.0,0.0,0.0,0.0,0.0,0.142,0.0,0.0,0.014,0.005,0.014,0.0,0.0,0.0,0.232,0.047,0.142
